50.0 114.4
49.9 114.48
49.8 114.56
49.699999999999996 114.64
49.599999999999994 114.72
49.49999999999999 114.8
49.39999999999999 114.88
49.29999999999999 114.96
49.19999999999999 115.03999999999999
49.09999999999999 115.11999999999999
48.999999999999986 115.19999999999999
48.899999999999984 115.27999999999999
48.79999999999998 115.35999999999999
48.69999999999998 115.43999999999998
48.59999999999998 115.51999999999998
48.49999999999998 115.59999999999998
48.39999999999998 115.67999999999998
48.299999999999976 115.75999999999998
48.199999999999974 115.83999999999997
48.09999999999997 115.91999999999997
47.99999999999997 115.99999999999997
47.89999999999997 116.07999999999997
47.79999999999997 116.15999999999997
47.69999999999997 116.23999999999997
47.599999999999966 116.31999999999996
47.499999999999964 116.39999999999996
47.39999999999996 116.47999999999996
47.29999999999996 116.55999999999996
47.19999999999996 116.63999999999996
47.09999999999996 116.71999999999996
46.99999999999996 116.79999999999995
46.899999999999956 116.87999999999995
46.799999999999955 116.95999999999995
46.69999999999995 117.03999999999995
46.59999999999995 117.11999999999995
46.49999999999995 117.19999999999995
46.39999999999995 117.27999999999994
46.29999999999995 117.35999999999994
46.199999999999946 117.43999999999994
46.099999999999945 117.51999999999994
45.99999999999994 117.59999999999994
45.89999999999994 117.67999999999994
45.79999999999994 117.75999999999993
45.69999999999994 117.83999999999993
45.59999999999994 117.91999999999993
45.499999999999936 117.99999999999993
45.399999999999935 118.07999999999993
45.29999999999993 118.15999999999993
45.19999999999993 118.23999999999992
45.09999999999993 118.31999999999992
44.99999999999993 118.39999999999992
44.89999999999993 118.47999999999992
44.799999999999926 118.55999999999992
44.699999999999925 118.63999999999992
44.59999999999992 118.71999999999991
44.49999999999992 118.79999999999991
44.39999999999992 118.87999999999991
44.29999999999992 118.95999999999991
44.19999999999992 119.0399999999999
44.099999999999916 119.1199999999999
43.999999999999915 119.1999999999999
43.89999999999991 119.2799999999999
43.79999999999991 119.3599999999999
43.69999999999991 119.4399999999999
43.59999999999991 119.5199999999999
43.49999999999991 119.5999999999999
43.399999999999906 119.6799999999999
43.299999999999905 119.75999999999989
43.1999999999999 119.83999999999989
43.0999999999999 119.91999999999989
42.9999999999999 119.99999999999989
42.8999999999999 120.07999999999988
42.7999999999999 120.15999999999988
42.699999999999896 120.23999999999988
42.599999999999895 120.31999999999988
42.49999999999989 120.39999999999988
42.39999999999989 120.47999999999988
42.29999999999989 120.55999999999987
42.19999999999989 120.63999999999987
42.09999999999989 120.71999999999987
41.999999999999886 120.79999999999987
41.899999999999885 120.87999999999987
41.79999999999988 120.95999999999987
41.69999999999988 121.03999999999986
41.59999999999988 121.11999999999986
41.49999999999988 121.19999999999986
41.39999999999988 121.27999999999986
41.299999999999876 121.35999999999986
41.199999999999875 121.43999999999986
41.09999999999987 121.51999999999985
40.99999999999987 121.59999999999985
40.89999999999987 121.67999999999985
40.79999999999987 121.75999999999985
40.69999999999987 121.83999999999985
40.599999999999866 121.91999999999985
40.499999999999865 121.99999999999984
40.399999999999864 122.07999999999984
40.29999999999986 122.15999999999984
40.19999999999986 122.23999999999984
40.09999999999986 122.31999999999984
39.99999999999986 122.39999999999984
39.89999999999986 122.47999999999983
39.799999999999855 122.55999999999983
39.699999999999854 122.63999999999983
39.59999999999985 122.71999999999983
39.49999999999985 122.79999999999983
39.39999999999985 122.87999999999982
39.29999999999985 122.95999999999982
39.19999999999985 123.03999999999982
39.099999999999845 123.11999999999982
38.999999999999844 123.19999999999982
38.89999999999984 123.27999999999982
38.79999999999984 123.35999999999981
38.69999999999984 123.43999999999981
38.59999999999984 123.51999999999981
38.49999999999984 123.59999999999981
38.399999999999835 123.67999999999981
38.299999999999834 123.7599999999998
38.19999999999983 123.8399999999998
38.09999999999983 123.9199999999998
37.99999999999983 124.0
37.89999999999983 124.0
37.79999999999983 124.0
37.699999999999825 124.0
37.599999999999824 124.0
37.49999999999982 124.0
37.39999999999982 124.0
37.29999999999982 124.0
37.19999999999982 124.0
37.09999999999982 124.0
36.999999999999815 124.0
36.899999999999814 124.0
36.79999999999981 124.0
36.69999999999981 124.0
36.59999999999981 124.0
36.49999999999981 124.0
36.39999999999981 124.0
36.299999999999805 124.0
36.199999999999804 124.0
36.0999999999998 124.0
35.9999999999998 124.0
35.8999999999998 124.0
35.7999999999998 124.0
35.6999999999998 124.0
35.599999999999795 124.0
35.499999999999794 124.0
35.39999999999979 124.0
35.29999999999979 124.0
35.19999999999979 124.0
35.09999999999979 124.0
34.99999999999979 124.0
34.899999999999785 124.0
34.799999999999784 124.0
34.69999999999978 124.0
34.59999999999978 124.0
34.49999999999978 124.0
34.39999999999978 124.0
34.29999999999978 124.0
34.199999999999775 124.0
34.099999999999774 124.0
33.99999999999977 124.0
33.89999999999977 124.0
33.79999999999977 124.0
33.69999999999977 124.0
33.59999999999977 124.0
33.499999999999766 124.0
33.399999999999764 124.0
33.29999999999976 124.0
33.19999999999976 124.0
33.09999999999976 124.0
32.99999999999976 124.0
32.89999999999976 124.0
32.799999999999756 124.0
32.699999999999754 124.0
32.59999999999975 124.0
32.49999999999975 124.0
32.39999999999975 124.0
32.29999999999975 124.0
32.19999999999975 124.0
32.099999999999746 124.0
31.999999999999744 124.0
31.899999999999743 124.0
31.79999999999974 124.0
31.69999999999974 124.0
31.59999999999974 124.0
31.499999999999737 124.0
31.399999999999736 124.0
31.299999999999734 124.0
31.199999999999733 124.0
31.09999999999973 124.0
30.99999999999973 124.0
30.89999999999973 124.0
30.799999999999727 124.0
30.699999999999726 124.0
30.599999999999724 124.0
30.499999999999723 124.0
30.39999999999972 124.0
30.29999999999972 124.0
30.19999999999972 124.0
30.099999999999717 124.0
29.999999999999716 124.0
29.899999999999714 124.0
29.799999999999713 124.0
29.69999999999971 124.0
29.59999999999971 124.0
29.49999999999971 124.0
29.399999999999707 124.0
29.299999999999706 124.0
29.199999999999704 124.0
29.099999999999703 124.0
28.9999999999997 124.0
28.8999999999997 124.0
28.7999999999997 124.0
28.699999999999697 124.0
28.599999999999696 124.0
28.499999999999694 124.0
28.399999999999693 124.0
28.29999999999969 124.0
28.19999999999969 124.0
28.09999999999969 124.0
27.999999999999687 124.0
27.899999999999686 124.0
27.799999999999685 124.0
27.699999999999683 124.0
27.59999999999968 124.0
27.49999999999968 124.0
27.39999999999968 124.0
27.299999999999677 124.0
27.199999999999676 124.0
27.099999999999675 124.0
26.999999999999673 124.0
26.89999999999967 124.0
26.79999999999967 124.0
26.69999999999967 124.0
26.599999999999667 124.0
26.499999999999666 124.0
26.399999999999665 124.0
26.299999999999663 124.0
26.199999999999662 124.0
26.09999999999966 124.0
25.99999999999966 124.0
25.899999999999658 124.0
25.799999999999656 124.0
25.699999999999655 124.0
25.599999999999653 124.0
25.499999999999652 124.0
25.39999999999965 124.0
25.29999999999965 124.0
25.199999999999648 124.0
25.099999999999646 124.0
24.999999999999645 124.0
24.899999999999643 124.0
24.799999999999642 124.0
24.69999999999964 124.0
24.59999999999964 124.0
24.499999999999638 124.0
24.399999999999636 124.0
24.299999999999635 124.0
24.199999999999633 124.0
24.099999999999632 124.0
23.99999999999963 124.0
23.89999999999963 124.0
23.799999999999628 124.0
23.699999999999626 124.0
23.599999999999625 124.0
23.499999999999623 123.9
23.399999999999622 123.80000000000001
23.29999999999962 123.70000000000002
23.19999999999962 123.60000000000002
23.099999999999618 123.50000000000003
22.999999999999616 123.40000000000003
22.899999999999615 123.30000000000004
22.799999999999613 123.20000000000005
22.699999999999612 123.10000000000005
22.59999999999961 123.00000000000006
22.49999999999961 122.90000000000006
22.399999999999608 122.80000000000007
22.299999999999606 122.70000000000007
22.199999999999605 122.60000000000008
22.099999999999604 122.50000000000009
21.999999999999602 122.40000000000009
21.8999999999996 122.3000000000001
21.7999999999996 122.2000000000001
21.699999999999598 122.10000000000011
21.599999999999596 122.00000000000011
21.499999999999595 121.90000000000012
21.399999999999594 121.80000000000013
21.299999999999592 121.70000000000013
21.19999999999959 121.60000000000014
21.09999999999959 121.50000000000014
20.999999999999588 121.40000000000015
20.899999999999586 121.30000000000015
20.799999999999585 121.20000000000016
20.699999999999584 121.10000000000016
20.599999999999582 121.00000000000017
20.49999999999958 120.90000000000018
20.39999999999958 120.80000000000018
20.299999999999578 120.70000000000019
20.199999999999577 120.6000000000002
20.099999999999575 120.5000000000002
19.999999999999574 120.4000000000002
19.899999999999572 120.30000000000021
19.79999999999957 120.20000000000022
19.69999999999957 120.10000000000022
19.599999999999568 120.00000000000023
19.499999999999567 119.90000000000023
19.399999999999565 119.80000000000024
19.299999999999564 119.70000000000024
19.199999999999562 119.60000000000025
19.09999999999956 119.50000000000026
18.99999999999956 119.40000000000026
18.899999999999558 119.30000000000027
18.799999999999557 119.20000000000027
18.699999999999555 119.10000000000028
18.599999999999554 119.00000000000028
18.499999999999552 118.90000000000029
18.39999999999955 118.8000000000003
18.29999999999955 118.7000000000003
18.199999999999548 118.6000000000003
18.099999999999547 118.50000000000031
17.999999999999545 118.40000000000032
17.899999999999544 118.30000000000032
17.799999999999542 118.20000000000033
17.69999999999954 118.10000000000034
17.59999999999954 118.00000000000034
17.499999999999538 117.90000000000035
17.399999999999537 117.80000000000035
17.299999999999535 117.70000000000036
17.199999999999534 117.60000000000036
17.099999999999532 117.50000000000037
16.99999999999953 117.40000000000038
16.89999999999953 117.30000000000038
16.799999999999528 117.20000000000039
16.699999999999527 117.10000000000039
16.599999999999525 117.0000000000004
16.499999999999524 116.9000000000004
16.399999999999523 116.80000000000041
16.29999999999952 116.70000000000041
16.19999999999952 116.60000000000042
16.09999999999952 116.50000000000043
15.999999999999517 116.40000000000043
15.899999999999515 116.30000000000044
15.799999999999514 116.20000000000044
15.699999999999513 116.10000000000045
15.599999999999511 116.00000000000045
15.49999999999951 115.90000000000046
15.399999999999508 115.80000000000047
15.299999999999507 115.70000000000047
15.199999999999505 115.60000000000048
15.099999999999504 115.50000000000048
14.999999999999503 115.40000000000049
14.899999999999501 115.3000000000005
14.7999999999995 115.2000000000005
14.699999999999498 115.1000000000005
14.599999999999497 115.00000000000051
14.499999999999496 114.90000000000052
14.399999999999494 114.80000000000052
14.299999999999493 114.70000000000053
14.199999999999491 114.60000000000053
14.09999999999949 114.50000000000054
13.999999999999488 114.40000000000055
13.899999999999487 114.30000000000055
13.799999999999486 114.20000000000056
13.699999999999484 114.10000000000056
13.599999999999483 114.00000000000057
13.499999999999481 113.90000000000057
13.39999999999948 113.80000000000058
13.299999999999478 113.70000000000059
13.199999999999477 113.60000000000059
13.099999999999476 113.5000000000006
12.999999999999474 113.4000000000006
12.899999999999473 113.30000000000061
12.799999999999471 113.20000000000061
12.69999999999947 113.10000000000062
12.599999999999469 113.00000000000063
12.499999999999467 112.90000000000063
12.399999999999466 112.80000000000064
12.299999999999464 112.70000000000064
12.199999999999463 112.60000000000065
12.099999999999461 112.50000000000065
11.99999999999946 112.40000000000066
11.899999999999459 112.30000000000067
11.799999999999457 112.20000000000067
11.699999999999456 112.10000000000068
11.599999999999454 112.00000000000068
11.499999999999453 111.90000000000069
11.399999999999451 111.8000000000007
11.29999999999945 111.7000000000007
11.199999999999449 111.6000000000007
11.099999999999447 111.50000000000071
10.999999999999446 111.40000000000072
10.899999999999444 111.30000000000072
10.799999999999443 111.20000000000073
10.699999999999442 111.10000000000073
10.59999999999944 111.00000000000074
10.499999999999439 110.90000000000074
10.399999999999437 110.80000000000075
10.299999999999436 110.70000000000076
10.199999999999434 110.60000000000076
10.099999999999433 110.50000000000077
9.999999999999432 110.40000000000077
9.89999999999943 110.30000000000078
9.799999999999429 110.20000000000078
9.699999999999427 110.10000000000079
9.599999999999426 110.0000000000008
9.499999999999424 109.9000000000008
9.399999999999423 109.80000000000081
9.299999999999422 109.70000000000081
9.19999999999942 109.60000000000082
9.099999999999419 109.50000000000082
8.999999999999417 109.40000000000083
8.899999999999416 109.30000000000084
8.799999999999415 109.20000000000084
8.699999999999413 109.10000000000085
8.599999999999412 109.00000000000085
8.49999999999941 108.90000000000086
8.399999999999409 108.80000000000086
8.299999999999407 108.70000000000087
8.199999999999406 108.60000000000088
8.099999999999405 108.50000000000088
7.999999999999403 108.40000000000089
7.899999999999402 108.30000000000089
7.7999999999994 108.2000000000009
7.699999999999399 108.1000000000009
7.5999999999993975 108.00000000000091
7.499999999999396 108.00000000000091
7.399999999999395 108.00000000000091
7.299999999999393 108.00000000000091
7.199999999999392 108.00000000000091
7.09999999999939 108.00000000000091
6.999999999999389 108.00000000000091
6.8999999999993875 108.00000000000091
6.799999999999386 108.00000000000091
6.699999999999385 108.00000000000091
6.599999999999383 108.00000000000091
6.499999999999382 108.00000000000091
6.39999999999938 108.00000000000091
6.299999999999379 108.00000000000091
6.199999999999378 108.00000000000091
6.099999999999376 108.00000000000091
5.999999999999375 108.00000000000091
5.899999999999373 108.00000000000091
5.799999999999372 108.00000000000091
5.6999999999993705 108.00000000000091
5.599999999999369 108.00000000000091
5.499999999999368 108.00000000000091
5.399999999999366 108.00000000000091
5.299999999999365 108.00000000000091
5.199999999999363 108.00000000000091
5.099999999999362 108.00000000000091
4.9999999999993605 108.00000000000091
4.899999999999359 108.00000000000091
4.799999999999358 108.00000000000091
4.699999999999356 108.00000000000091
4.599999999999355 108.00000000000091
4.499999999999353 108.00000000000091
4.399999999999352 108.00000000000091
4.299999999999351 108.00000000000091
4.199999999999349 108.00000000000091
4.099999999999348 108.00000000000091
3.9999999999993463 108.00000000000091
3.899999999999345 108.00000000000091
3.7999999999993435 108.00000000000091
3.699999999999342 108.00000000000091
3.5999999999993406 108.00000000000091
3.499999999999339 108.00000000000091
3.3999999999993378 108.00000000000091
3.2999999999993364 108.00000000000091
3.199999999999335 108.00000000000091
3.0999999999993335 108.00000000000091
2.999999999999332 108.00000000000091
2.8999999999993307 108.00000000000091
2.7999999999993292 108.00000000000091
2.699999999999328 108.00000000000091
2.5999999999993264 108.00000000000091
2.499999999999325 108.00000000000091
2.3999999999993236 108.00000000000091
2.299999999999322 108.00000000000091
2.1999999999993207 108.00000000000091
2.0999999999993193 108.00000000000091
1.9999999999993179 108.00000000000091
1.8999999999993165 108.00000000000091
1.799999999999315 108.00000000000091
1.6999999999993136 108.00000000000091
1.5999999999993122 108.00000000000091
1.4999999999993108 108.00000000000091
1.3999999999993094 108.00000000000091
1.299999999999308 108.00000000000091
1.1999999999993065 108.00000000000091
1.099999999999305 108.00000000000091
0.9999999999993037 108.00000000000091
0.8999999999993022 108.00000000000091
0.7999999999993008 108.00000000000091
0.6999999999992994 108.00000000000091
0.599999999999298 108.00000000000091
0.49999999999929656 108.00000000000091
0.39999999999929514 108.00000000000091
0.2999999999992937 108.00000000000091
0.1999999999992923 108.00000000000091
0.09999999999929088 108.00000000000091
-7.105427357601002e-13 108.00000000000091
-0.10000000000071196 108.00000000000091
-0.20000000000071338 108.00000000000091
-0.3000000000007148 108.00000000000091
-0.4000000000007162 108.00000000000091
-0.5000000000007176 108.00000000000091
-0.6000000000007191 108.00000000000091
-0.7000000000007205 108.00000000000091
-0.8000000000007219 108.00000000000091
-0.9000000000007233 108.00000000000091
-1.0000000000007248 108.00000000000091
-1.1000000000007262 108.00000000000091
-1.2000000000007276 108.00000000000091
-1.300000000000729 108.00000000000091
-1.4000000000007304 108.00000000000091
-1.5000000000007319 108.00000000000091
-1.6000000000007333 108.00000000000091
-1.7000000000007347 108.00000000000091
-1.8000000000007361 108.00000000000091
-1.9000000000007375 108.00000000000091
-2.000000000000739 108.00000000000091
-2.1000000000007404 108.00000000000091
-2.200000000000742 108.00000000000091
-2.3000000000007432 108.00000000000091
-2.4000000000007446 108.00000000000091
-2.500000000000746 108.00000000000091
-2.6000000000007475 108.00000000000091
-2.700000000000749 108.00000000000091
-2.8000000000007503 108.00000000000091
-2.9000000000007518 108.00000000000091
-3.000000000000753 108.00000000000091
-3.1000000000007546 108.00000000000091
-3.200000000000756 108.00000000000091
-3.3000000000007574 108.00000000000091
-3.400000000000759 108.00000000000091
-3.5000000000007603 108.00000000000091
-3.6000000000007617 108.00000000000091
-3.700000000000763 108.00000000000091
-3.8000000000007645 108.00000000000091
-3.900000000000766 108.00000000000091
-4.000000000000767 108.00000000000091
-4.100000000000769 108.00000000000091
-4.20000000000077 108.00000000000091
-4.300000000000772 108.00000000000091
-4.400000000000773 108.00000000000091
-4.5000000000007745 108.00000000000091
-4.600000000000776 108.00000000000091
-4.700000000000777 108.00000000000091
-4.800000000000779 108.00000000000091
-4.90000000000078 108.00000000000091
-5.000000000000782 108.00000000000091
